full packet [10, 142, 1, 8, 128, 133, 204, 209, 148, 3, 18, 28, 18, 26, 8, 146, 213, 3, 18, 20, 10, 18, 8, 253, 129, 18, 16, 201, 1, 24, 210, 151, 1, 32, 208, 18, 40, 210, 151, 1, 26, 0, 58, 42, 18, 40, 8, 2, 32, 2, 48, 171, 24, 72, 171, 24, 88, 128, 133, 136, 130, 201, 1, 96, 156, 167, 1, 104, 30, 120, 3, 128, 1, 1, 144, 1, 4, 154, 1, 0, 178, 1, 0, 200, 1, 2, 82, 57, 18, 55, 8, 253, 129, 18, 16, 243, 222, 146, 1, 24, 1, 40, 243, 222, 146, 1, 48, 134, 140, 143, 253, 199, 51, 56, 128, 133, 136, 130, 201, 1, 64, 1, 80, 255, 255, 255, 255, 255, 255, 255, 255, 255, 1, 88, 192, 62, 98, 7, 8, 1, 16, 242, 222, 146, 1]
parsed EntityStatePacket { pid: 0, entity_id: 108619039360, uid: 0, x: 0.0, y: 0.0, z: 0.0, timestamp: 0 }
full packet [10, 141, 1, 8, 128, 133, 196, 151, 4, 18, 28, 18, 26, 8, 146, 213, 3, 18, 20, 10, 18, 8, 208, 243, 3, 16, 201, 1, 24, 215, 187, 1, 32, 168, 7, 40, 215, 187, 1, 26, 0, 58, 42, 18, 40, 8, 2, 32, 2, 48, 203, 11, 72, 203, 11, 88, 128, 133, 136, 130, 201, 1, 96, 156, 167, 1, 104, 30, 120, 3, 128, 1, 1, 144, 1, 4, 154, 1, 0, 178, 1, 0, 200, 1, 2, 82, 57, 18, 55, 8, 208, 243, 3, 16, 243, 222, 146, 1, 24, 1, 40, 243, 222, 146, 1, 48, 135, 140, 143, 253, 199, 51, 56, 128, 133, 136, 130, 201, 1, 64, 1, 80, 255, 255, 255, 255, 255, 255, 255, 255, 255, 1, 88, 192, 62, 98, 7, 8, 1, 16, 242, 222, 146, 1]
parsed EntityStatePacket { pid: 0, entity_id: 1123091072, uid: 0, x: 0.0, y: 0.0, z: 0.0, timestamp: 0 }
full packet [10, 69, 8, 192, 128, 184, 6, 18, 60, 18, 19, 8, 53, 18, 15, 13, 16, 177, 130, 66, 21, 46, 21, 2, 67, 29, 46, 15, 47, 194, 18, 19, 8, 52, 18, 15, 13, 39, 21, 133, 66, 21, 185, 22, 2, 67, 29, 167, 121, 47, 194, 18, 7, 8, 50, 18, 3, 234, 214, 1, 18, 7, 8, 51, 18, 3, 234, 214, 1, 26, 0]
parsed EntityStatePacket { pid: 0, entity_id: 13500480, uid: 0, x: 0.0, y: 0.0, z: 0.0, timestamp: 0 }
full packet [10, 75, 8, 192, 128, 192, 6, 18, 66, 18, 2, 8, 11, 18, 19, 8, 53, 18, 15, 13, 226, 230, 108, 66, 21, 239, 14, 2, 67, 29, 5, 68, 8, 194, 18, 19, 8, 52, 18, 15, 13, 226, 230, 108, 66, 21, 239, 14, 2, 67, 29, 5, 68, 8, 194, 18, 6, 8, 50, 18, 2, 216, 79, 18, 6, 8, 51, 18, 2, 216, 79, 18, 2, 8, 71, 26, 0]
parsed EntityStatePacket { pid: 0, entity_id: 13631552, uid: 0, x: 0.0, y: 0.0, z: 0.0, timestamp: 0 }
full packet [10, 69, 8, 192, 128, 184, 6, 18, 60, 18, 19, 8, 53, 18, 15, 13, 32, 79, 130, 66, 21, 239, 20, 2, 67, 29, 36, 254, 46, 194, 18, 19, 8, 52, 18, 15, 13, 55, 179, 132, 66, 21, 122, 22, 2, 67, 29, 158, 104, 47, 194, 18, 7, 8, 50, 18, 3, 234, 214, 1, 18, 7, 8, 51, 18, 3, 234, 214, 1, 26, 0]
parsed EntityStatePacket { pid: 0, entity_id: 13500480, uid: 0, x: 0.0, y: 0.0, z: 0.0, timestamp: 0 }
full packet [10, 69, 8, 192, 128, 184, 6, 18, 60, 18, 19, 8, 53, 18, 15, 13, 48, 237, 129, 66, 21, 176, 20, 2, 67, 29, 32, 237, 46, 194, 18, 19, 8, 52, 18, 15, 13, 71, 81, 132, 66, 21, 59, 22, 2, 67, 29, 149, 87, 47, 194, 18, 7, 8, 50, 18, 3, 234, 214, 1, 18, 7, 8, 51, 18, 3, 234, 214, 1, 26, 0]
parsed EntityStatePacket { pid: 0, entity_id: 13500480, uid: 0, x: 0.0, y: 0.0, z: 0.0, timestamp: 0 }
full packet [10, 17, 8, 128, 132, 178, 246, 21, 18, 7, 18, 5, 8, 11, 18, 1, 8, 26, 0]
parsed EntityStatePacket { pid: 0, entity_id: 5885428224, uid: 0, x: 0.0, y: 0.0, z: 0.0, timestamp: 0 }
full packet [10, 55, 8, 192, 128, 192, 6, 18, 46, 18, 7, 8, 50, 18, 3, 198, 217, 1, 18, 7, 8, 51, 18, 3, 198, 217, 1, 18, 19, 8, 53, 18, 15, 13, 147, 247, 102, 66, 21, 22, 14, 2, 67, 29, 48, 98, 7, 194, 18, 5, 8, 71, 18, 1, 1, 26, 0]
parsed EntityStatePacket { pid: 0, entity_id: 13631552, uid: 0, x: 0.0, y: 0.0, z: 0.0, timestamp: 0 }
full packet [10, 77, 10, 68, 8, 128, 133, 160, 139, 201, 1, 18, 0, 26, 0, 82, 55, 18, 53, 8, 85, 16, 185, 179, 134, 1, 24, 1, 40, 185, 179, 134, 1, 48, 147, 141, 143, 253, 199, 51, 56, 128, 133, 160, 139, 201, 1, 64, 1, 80, 255, 255, 255, 255, 255, 255, 255, 255, 255, 1, 88, 220, 11, 98, 7, 8, 1, 16, 184, 179, 134, 1, 40, 128, 133, 160, 139, 201, 1]
parsed EntityStatePacket { pid: 0, entity_id: 53979120256, uid: 0, x: 0.0, y: 0.0, z: 0.0, timestamp: 0 }
full packet [10, 69, 8, 192, 128, 184, 6, 18, 60, 18, 19, 8, 53, 18, 15, 13, 64, 139, 129, 66, 21, 112, 20, 2, 67, 29, 23, 220, 46, 194, 18, 19, 8, 52, 18, 15, 13, 87, 239, 131, 66, 21, 251, 21, 2, 67, 29, 141, 70, 47, 194, 18, 7, 8, 50, 18, 3, 234, 214, 1, 18, 7, 8, 51, 18, 3, 234, 214, 1, 26, 0]
parsed EntityStatePacket { pid: 0, entity_id: 13500480, uid: 0, x: 0.0, y: 0.0, z: 0.0, timestamp: 0 }
full packet [10, 69, 8, 192, 128, 192, 6, 18, 60, 18, 19, 8, 53, 18, 15, 13, 134, 7, 102, 66, 21, 213, 18, 2, 67, 29, 129, 62, 7, 194, 18, 19, 8, 52, 18, 15, 13, 213, 246, 107, 66, 21, 153, 13, 2, 67, 29, 87, 32, 8, 194, 18, 7, 8, 50, 18, 3, 198, 217, 1, 18, 7, 8, 51, 18, 3, 198, 217, 1, 26, 0]
parsed EntityStatePacket { pid: 0, entity_id: 13631552, uid: 0, x: 0.0, y: 0.0, z: 0.0, timestamp: 0 }
full packet [10, 67, 8, 128, 133, 224, 154, 195, 3, 18, 48, 18, 8, 8, 200, 156, 1, 18, 2, 160, 1, 18, 8, 8, 201, 156, 1, 18, 2, 160, 1, 18, 8, 8, 202, 156, 1, 18, 2, 160, 1, 18, 4, 8, 210, 156, 1, 18, 4, 8, 211, 156, 1, 18, 4, 8, 212, 156, 1, 26, 0, 90, 6, 18, 4, 8, 2, 16, 92]
parsed EntityStatePacket { pid: 0, entity_id: 121120490112, uid: 0, x: 0.0, y: 0.0, z: 0.0, timestamp: 0 }
full packet [10, 69, 8, 192, 128, 184, 6, 18, 60, 18, 19, 8, 53, 18, 15, 13, 19, 29, 129, 66, 21, 41, 20, 2, 67, 29, 237, 200, 46, 194, 18, 19, 8, 52, 18, 15, 13, 42, 129, 131, 66, 21, 180, 21, 2, 67, 29, 100, 51, 47, 194, 18, 7, 8, 50, 18, 3, 234, 214, 1, 18, 7, 8, 51, 18, 3, 234, 214, 1, 26, 0]
parsed EntityStatePacket { pid: 0, entity_id: 13500480, uid: 0, x: 0.0, y: 0.0, z: 0.0, timestamp: 0 }
full packet [10, 69, 8, 192, 128, 192, 6, 18, 60, 18, 19, 8, 53, 18, 15, 13, 14, 246, 100, 66, 21, 120, 20, 2, 67, 29, 218, 21, 7, 194, 18, 19, 8, 52, 18, 15, 13, 92, 229, 106, 66, 21, 204, 12, 2, 67, 29, 177, 247, 7, 194, 18, 7, 8, 50, 18, 3, 198, 217, 1, 18, 7, 8, 51, 18, 3, 198, 217, 1, 26, 0]
parsed EntityStatePacket { pid: 0, entity_id: 13631552, uid: 0, x: 0.0, y: 0.0, z: 0.0, timestamp: 0 }
full packet [10, 64, 8, 128, 133, 244, 131, 237, 14, 18, 0, 26, 0, 82, 51, 18, 49, 8, 2, 16, 185, 179, 134, 1, 24, 1, 40, 185, 179, 134, 1, 48, 200, 143, 143, 253, 199, 51, 56, 128, 133, 244, 131, 237, 14, 64, 1, 80, 255, 255, 255, 255, 255, 255, 255, 255, 255, 1, 88, 220, 11, 98, 3, 8, 144, 78]
parsed EntityStatePacket { pid: 0, entity_id: 510303994496, uid: 0, x: 0.0, y: 0.0, z: 0.0, timestamp: 0 }
full packet [10, 69, 8, 128, 133, 172, 202, 3, 18, 0, 26, 0, 82, 57, 18, 55, 8, 228, 236, 8, 16, 185, 179, 134, 1, 24, 1, 40, 185, 179, 134, 1, 48, 200, 143, 143, 253, 199, 51, 56, 128, 133, 244, 131, 237, 14, 64, 1, 80, 255, 255, 255, 255, 255, 255, 255, 255, 255, 1, 88, 220, 11, 98, 7, 8, 1, 16, 184, 179, 134, 1]
parsed EntityStatePacket { pid: 0, entity_id: 961217152, uid: 0, x: 0.0, y: 0.0, z: 0.0, timestamp: 0 }
full packet [10, 69, 8, 192, 128, 184, 6, 18, 60, 18, 19, 8, 53, 18, 15, 13, 35, 187, 128, 66, 21, 234, 19, 2, 67, 29, 227, 183, 46, 194, 18, 19, 8, 52, 18, 15, 13, 58, 31, 131, 66, 21, 117, 21, 2, 67, 29, 92, 34, 47, 194, 18, 7, 8, 50, 18, 3, 234, 214, 1, 18, 7, 8, 51, 18, 3, 234, 214, 1, 26, 0]
parsed EntityStatePacket { pid: 0, entity_id: 13500480, uid: 0, x: 0.0, y: 0.0, z: 0.0, timestamp: 0 }
full packet [10, 69, 8, 192, 128, 192, 6, 18, 60, 18, 19, 8, 53, 18, 15, 13, 248, 2, 100, 66, 21, 236, 21, 2, 67, 29, 182, 241, 6, 194, 18, 19, 8, 52, 18, 15, 13, 70, 242, 105, 66, 21, 213, 12, 2, 67, 29, 143, 211, 7, 194, 18, 7, 8, 50, 18, 3, 198, 217, 1, 18, 7, 8, 51, 18, 3, 198, 217, 1, 26, 0]
parsed EntityStatePacket { pid: 0, entity_id: 13631552, uid: 0, x: 0.0, y: 0.0, z: 0.0, timestamp: 0 }
