Payload [10, 120, 8, 1, 18, 116, 8, 155, 239, 25, 18, 18, 8, 212, 213, 13, 18, 6, 229, 176, 138, 233, 129, 181, 24, 2, 32, 1, 40, 60, 24, 185, 205, 231, 204, 6, 34, 84, 26, 82, 227, 130, 180, 227, 131, 150, 227, 131, 170, 227, 131, 179, 229, 183, 163, 231, 170, 159, 77, 49, 54, 227, 128, 128, 227, 130, 175, 227, 131, 170, 227, 130, 162, 231, 155, 174, 231, 154, 132, 227, 128, 128, 239, 188, 160, 68, 239, 188, 146, 227, 128, 128, 227, 129, 170, 227, 130, 139, 227, 129, 185, 227, 129, 143, 239, 188, 146, 239, 188, 153, 239, 188, 144, 239, 188, 144, 239, 188, 144, 226, 134, 145]
Field : 1
Field : 2
Processed Chat: Chat(ChatMessage { pid: 423835, channel: "WORLD", nickname: "尊遵", message: "ゴブリン巣窟M16\u{3000}クリア目的\u{3000}＠D２\u{3000}なるべく２９０００↑", timestamp: 1771693753, uid: 223956, class_id: 2, level: 60, sequence_id: 0, translated: None, nickname_romaji: None })
Payload [10, 100, 8, 1, 18, 96, 8, 156, 239, 25, 18, 19, 8, 137, 147, 225, 1, 18, 6, 231, 129, 171, 230, 187, 133, 24, 1, 32, 2, 40, 60, 24, 196, 205, 231, 204, 6, 34, 63, 26, 61, 230, 176, 183, 233, 151, 135, 229, 133, 137, 231, 171, 156, 78, 32, 229, 133, 168, 227, 129, 166, 232, 168, 142, 228, 188, 144, 227, 128, 129, 232, 131, 189, 229, 138, 155, 229, 128, 164, 50, 54, 48, 48, 48, 228, 187, 165, 228, 184, 138, 32, 64, 68, 80, 83, 56, 32, 84, 49, 32, 72, 50]
Field : 1
Field : 2
Processed Chat: Chat(ChatMessage { pid: 423836, channel: "WORLD", nickname: "火滅", message: "氷闇光竜N 全て討伐、能力値26000以上 @DPS8 T1 H2", timestamp: 1771693764, uid: 3688841, class_id: 1, level: 60, sequence_id: 0, translated: None, nickname_romaji: None })
Payload [10, 129, 1, 8, 1, 18, 125, 8, 157, 239, 25, 18, 22, 8, 128, 179, 225, 1, 18, 9, 227, 129, 130, 227, 130, 134, 227, 129, 139, 24, 2, 32, 2, 40, 60, 24, 200, 205, 231, 204, 6, 34, 89, 26, 87, 227, 130, 162, 227, 131, 171, 227, 130, 171, 227, 129, 149, 227, 130, 147, 227, 129, 174, 233, 161, 148, 227, 129, 140, 229, 133, 168, 233, 157, 162, 227, 129, 171, 227, 131, 169, 227, 131, 131, 227, 131, 148, 227, 131, 179, 227, 130, 176, 227, 129, 149, 227, 130, 140, 227, 129, 159, 227, 131, 136, 227, 131, 169, 227, 131, 131, 227, 130, 175, 227, 129, 139, 227, 130, 137, 230, 181, 129, 227, 130, 140, 227, 130, 139, 230, 155, 178]
Field : 1
Field : 2
Processed Chat: Chat(ChatMessage { pid: 423837, channel: "WORLD", nickname: "あゆか", message: "アルカさんの顔が全面にラッピングされたトラックから流れる曲", timestamp: 1771693768, uid: 3692928, class_id: 2, level: 60, sequence_id: 0, translated: None, nickname_romaji: None })
Payload [10, 67, 8, 1, 18, 63, 8, 158, 239, 25, 18, 33, 8, 158, 230, 141, 8, 18, 18, 97, 108, 108, 227, 130, 164, 227, 131, 179, 227, 131, 138, 227, 131, 188, 230, 162, 181, 24, 2, 32, 1, 40, 60, 56, 32, 24, 210, 205, 231, 204, 6, 34, 16, 26, 14, 227, 130, 180, 227, 131, 150, 49, 57, 32, 100, 112, 115, 64, 50]
Field : 1
Field : 2
Processed Chat: Chat(ChatMessage { pid: 423838, channel: "WORLD", nickname: "allインナー梵", message: "ゴブ19 dps@2", timestamp: 1771693778, uid: 17003294, class_id: 2, level: 60, sequence_id: 0, translated: None, nickname_romaji: None })
Payload [10, 75, 8, 1, 18, 71, 8, 159, 239, 25, 18, 22, 8, 248, 149, 173, 10, 18, 9, 227, 130, 162, 227, 131, 171, 227, 130, 171, 24, 2, 32, 1, 40, 60, 24, 233, 205, 231, 204, 6, 34, 35, 26, 33, 232, 170, 176, 227, 130, 130, 232, 178, 183, 227, 129, 132, 227, 129, 159, 227, 129, 140, 227, 130, 137, 227, 129, 170, 227, 129, 132, 227, 129, 170, 227, 128, 129]
Field : 1
Field : 2
Processed Chat: Chat(ChatMessage { pid: 423839, channel: "WORLD", nickname: "アルカ", message: "誰も買いたがらないな、", timestamp: 1771693801, uid: 21711608, class_id: 2, level: 60, sequence_id: 0, translated: None, nickname_romaji: None })
Payload [10, 78, 8, 3, 18, 74, 8, 26, 18, 24, 8, 232, 162, 50, 18, 12, 227, 130, 162, 227, 130, 186, 227, 131, 171, 227, 131, 171, 24, 2, 32, 1, 40, 60, 24, 239, 205, 231, 204, 6, 34, 38, 26, 36, 236, 150, 188, 235, 159, 180, 235, 159, 172, 227, 133, 147, 227, 132, 185, 235, 140, 178, 235, 168, 184, 235, 158, 152, 227, 133, 147, 227, 133, 136, 235, 140, 156, 235, 167, 172]
Field : 1
Field : 2
Processed Chat: Chat(ChatMessage { pid: 26, channel: "PARTY", nickname: "アズルル", message: "얼럴러ㅓㄹ댲머래ㅓㅈ댜맬", timestamp: 1771693807, uid: 823656, class_id: 2, level: 60, sequence_id: 0, translated: None, nickname_romaji: None })
Payload [10, 76, 26, 74, 8, 26, 18, 24, 8, 232, 162, 50, 18, 12, 227, 130, 162, 227, 130, 186, 227, 131, 171, 227, 131, 171, 24, 2, 32, 1, 40, 60, 24, 239, 205, 231, 204, 6, 34, 38, 26, 36, 236, 150, 188, 235, 159, 180, 235, 159, 172, 227, 133, 147, 227, 132, 185, 235, 140, 178, 235, 168, 184, 235, 158, 152, 227, 133, 147, 227, 133, 136, 235, 140, 156, 235, 167, 172]
Field : 3
Payload [10, 106, 8, 1, 18, 102, 8, 160, 239, 25, 18, 29, 8, 131, 244, 37, 18, 15, 227, 129, 139, 227, 129, 181, 227, 129, 135, 227, 130, 130, 227, 129, 139, 24, 2, 32, 1, 40, 60, 56, 44, 24, 241, 205, 231, 204, 6, 34, 59, 26, 57, 109, 49, 54, 227, 131, 129, 227, 131, 163, 227, 131, 172, 227, 131, 179, 227, 130, 184, 227, 129, 151, 227, 129, 166, 227, 129, 191, 227, 129, 159, 227, 129, 132, 227, 129, 174, 227, 129, 167, 229, 139, 159, 233, 155, 134, 228, 184, 173, 227, 129, 167, 227, 129, 153, 239, 188, 129]
Field : 1
Field : 2
Processed Chat: Chat(ChatMessage { pid: 423840, channel: "WORLD", nickname: "かふぇもか", message: "m16チャレンジしてみたいので募集中です！", timestamp: 1771693809, uid: 621059, class_id: 2, level: 60, sequence_id: 0, translated: None, nickname_romaji: None })