Payload [10, 79, 8, 1, 18, 75, 8, 254, 237, 25, 18, 29, 8, 149, 179, 25, 18, 15, 227, 130, 134, 227, 130, 134, 227, 130, 136, 227, 129, 134, 227, 130, 128, 24, 2, 32, 1, 40, 60, 56, 3, 24, 238, 192, 231, 204, 6, 34, 32, 26, 30, 227, 131, 173, 227, 131, 170, 227, 129, 149, 227, 130, 147, 227, 129, 171, 229, 186, 167, 229, 184, 131, 229, 155, 163, 239, 188, 145, 230, 158, 154]
Chat ChatPacket { pid: 0, channel: "WORLD", entity_id: 423678, uid: 416149, nickname: "ゆゆようむ", class_id: 2, status_flag: 1, level: 60, timestamp: 1771692142, message: "ロリさんに座布団１枚", translated: None, nickname_romaji: None }
Payload [10, 73, 8, 1, 18, 69, 8, 255, 237, 25, 18, 23, 8, 214, 229, 75, 18, 9, 227, 129, 143, 227, 129, 132, 227, 129, 143, 24, 2, 32, 1, 40, 60, 56, 1, 24, 243, 192, 231, 204, 6, 34, 32, 26, 30, 229, 156, 176, 233, 157, 162, 227, 129, 139, 227, 130, 137, 231, 148, 159, 227, 129, 136, 227, 129, 166, 227, 129, 143, 227, 130, 139, 46, 46, 46]
Chat ChatPacket { pid: 0, channel: "WORLD", entity_id: 423679, uid: 1241814, nickname: "くいく", class_id: 2, status_flag: 1, level: 60, timestamp: 1771692147, message: "地面から生えてくる...", translated: None, nickname_romaji: None }
Payload [10, 106, 8, 1, 18, 102, 8, 128, 238, 25, 18, 19, 8, 247, 151, 188, 1, 18, 6, 228, 186, 186, 231, 148, 159, 24, 2, 32, 1, 40, 60, 24, 247, 192, 231, 204, 6, 34, 69, 26, 67, 227, 130, 171, 227, 131, 138, 227, 131, 159, 227, 130, 162, 77, 49, 56, 32, 227, 130, 171, 227, 131, 138, 227, 131, 159, 227, 130, 162, 227, 131, 144, 227, 131, 149, 230, 156, 137, 227, 128, 129, 230, 150, 153, 231, 144, 134, 227, 130, 183, 227, 131, 173, 227, 131, 131, 227, 131, 151, 228, 189, 191, 231, 148, 168, 32, 64, 68]
Chat ChatPacket { pid: 0, channel: "WORLD", entity_id: 423680, uid: 3083255, nickname: "人生", class_id: 2, status_flag: 1, level: 60, timestamp: 1771692151, message: "カナミアM18 カナミアバフ有、料理シロップ使用 @D", translated: None, nickname_romaji: None }
Payload [10, 62, 8, 1, 18, 58, 8, 129, 238, 25, 18, 21, 8, 229, 128, 226, 1, 18, 8, 76, 117, 105, 67, 105, 102, 101, 114, 24, 2, 32, 1, 40, 60, 24, 252, 192, 231, 204, 6, 34, 23, 26, 21, 226, 128, 160, 227, 130, 176, 227, 130, 181, 227, 131, 170, 227, 129, 160, 227, 129, 170, 226, 128, 160]
Chat ChatPacket { pid: 0, channel: "WORLD", entity_id: 423681, uid: 3702885, nickname: "LuiCifer", class_id: 2, status_flag: 1, level: 60, timestamp: 1771692156, message: "†グサリだな†", translated: None, nickname_romaji: None }
Payload [10, 71, 8, 1, 18, 67, 8, 130, 238, 25, 18, 24, 8, 197, 193, 13, 18, 12, 227, 129, 151, 227, 130, 130, 227, 129, 181, 227, 130, 138, 24, 2, 32, 1, 40, 60, 24, 128, 193, 231, 204, 6, 34, 29, 26, 27, 227, 130, 171, 227, 131, 138, 227, 131, 159, 227, 130, 162, 77, 54, 229, 145, 168, 229, 155, 158, 227, 128, 128, 239, 188, 160, 72]
Chat ChatPacket { pid: 0, channel: "WORLD", entity_id: 423682, uid: 221381, nickname: "しもふり", class_id: 2, status_flag: 1, level: 60, timestamp: 1771692160, message: "カナミアM6周回\u{3000}＠H", translated: None, nickname_romaji: None }
Payload [10, 55, 8, 1, 18, 51, 8, 131, 238, 25, 18, 23, 8, 214, 229, 75, 18, 9, 227, 129, 143, 227, 129, 132, 227, 129, 143, 24, 2, 32, 1, 40, 60, 56, 1, 24, 131, 193, 231, 204, 6, 34, 14, 26, 12, 230, 129, 144, 227, 130, 141, 227, 129, 151, 227, 129, 132]
Chat ChatPacket { pid: 0, channel: "WORLD", entity_id: 423683, uid: 1241814, nickname: "くいく", class_id: 2, status_flag: 1, level: 60, timestamp: 1771692163, message: "恐ろしい", translated: None, nickname_romaji: None }
Payload [10, 117, 8, 1, 18, 113, 8, 132, 238, 25, 18, 20, 8, 168, 214, 88, 18, 6, 116, 107, 115, 111, 100, 97, 24, 2, 32, 1, 40, 60, 56, 2, 24, 131, 193, 231, 204, 6, 34, 79, 26, 77, 229, 133, 137, 231, 171, 156, 32, 78, 109, 32, 49, 50, 80, 84, 32, 64, 68, 49, 32, 50, 55, 107, 226, 134, 145, 32, 227, 130, 174, 227, 131, 159, 227, 131, 131, 227, 130, 175, 231, 144, 134, 232, 167, 163, 232, 128, 133, 239, 188, 129, 230, 165, 189, 227, 129, 151, 227, 129, 143, 227, 129, 167, 227, 129, 141, 227, 130, 139, 228, 186, 186, 239, 189, 158, 239, 188, 129]
Chat ChatPacket { pid: 0, channel: "WORLD", entity_id: 423684, uid: 1452840, nickname: "tksoda", class_id: 2, status_flag: 1, level: 60, timestamp: 1771692163, message: "光竜 Nm 12PT @D1 27k↑ ギミック理解者！楽しくできる人～！", translated: None, nickname_romaji: None }
Payload [10, 102, 8, 1, 18, 98, 8, 133, 238, 25, 18, 28, 8, 206, 147, 229, 8, 18, 15, 230, 188, 134, 233, 187, 146, 227, 129, 174, 227, 131, 173, 227, 131, 170, 24, 2, 32, 1, 40, 60, 24, 136, 193, 231, 204, 6, 34, 56, 26, 54, 229, 186, 167, 229, 184, 131, 229, 155, 163, 227, 129, 174, 228, 184, 173, 227, 129, 171, 228, 189, 149, 227, 129, 139, 229, 133, 165, 227, 129, 163, 227, 129, 166, 227, 130, 139, 231, 169, 180, 227, 129, 171, 227, 129, 149, 227, 129, 149, 227, 129, 163, 227, 129, 159]
Chat ChatPacket { pid: 0, channel: "WORLD", entity_id: 423685, uid: 18434510, nickname: "漆黒のロリ", class_id: 2, status_flag: 1, level: 60, timestamp: 1771692168, message: "座布団の中に何か入ってる穴にささった", translated: None, nickname_romaji: None }
Payload [10, 93, 8, 1, 18, 89, 8, 134, 238, 25, 18, 22, 8, 223, 147, 229, 8, 18, 9, 227, 130, 183, 227, 131, 139, 227, 130, 168, 24, 2, 32, 2, 40, 60, 24, 147, 193, 231, 204, 6, 34, 53, 26, 51, 227, 129, 151, 227, 129, 139, 227, 130, 130, 228, 189, 149, 229, 155, 158, 227, 130, 130, 231, 148, 159, 227, 129, 136, 227, 129, 166, 227, 129, 141, 227, 129, 190, 227, 129, 155, 227, 130, 147, 227, 129, 139, 227, 131, 155, 227, 131, 170, 227, 130, 189]
Chat ChatPacket { pid: 0, channel: "WORLD", entity_id: 423686, uid: 18434527, nickname: "シニエ", class_id: 2, status_flag: 2, level: 60, timestamp: 1771692179, message: "しかも何回も生えてきませんかホリソ", translated: None, nickname_romaji: None }
